00111100000111000001000000000001
00100111100111001001110010000000
00111100000001010001000000000000
00100100101001010001110010000100
00111100000001000001000000000000
00100100100001000011110001110000
00111100000111010001000000000000
00100111101111010010010001111000
10101100101000000000000000000000
00000000101001000001100000101010
00010100011000001111111111111101
00100100101001010000000000000100
00001100000000000000011001100101
00000000000000000000000000000000
00001000000000000000000000001110
00111100000000100010000000000000
10001100010001010000000000100000
00000000000000000000000000000000
00110000101000110000000000000010
00010000011000001111111111111011
00000000000000000000000000000000
10101100010001000000000000000000
00000011111000000000000000001000
00000000000000000001000000100001
10000000100001010000000000000000
00000000000000000000000000000000
00010000101000000000000000010000
00100100000001100000000000001010
00100100000001110000000000001101
00010000101001100000000000010000
00111100000000100010000000000000
00100100100001000000000000000001
00111100000000100010000000000000
10001100010010010000000000100000
00000000000000000000000000000000
00110001001010000000000000000010
00010001000000001111111111111011
00000000000000000000000000000000
10101100010001010000000000000000
10000000100001010000000000000000
00000000000000000000000000000000
00010100101000001111111111110011
00000000000000000000000000000000
00000011111000000000000000001000
00000000000000000001000000100001
00111100000000100010000000000000
10001100010001010000000000100000
00000000000000000000000000000000
00110000101000110000000000000010
00010000011000001111111111111011
00000000000000000000000000000000
10101100010001110000000000000000
10000000100001010000000000000000
00001000000000000000000000100000
00100100100001000000000000000001
00100100000001010000000000011100
00100100000001101111111111111100
00000000101001000001000000000110
00110000010000100000000000001111
00101100010000110000000000001010
00010000011000000000000000001110
00100100010001110000000001010111
00100100010001110000000000110000
00111100000000100010000000000000
10001100010010010000000000100000
00000000000000000000000000000000
00110001001010000000000000000010
00010001000000001111111111111011
00000000000000000000000000000000
00100100101001011111111111111100
10101100010001110000000000000000
00010100101001101111111111110010
00000000101001000001000000000110
00000011111000000000000000001000
00000000000000000000000000000000
00111100000000100010000000000000
10001100010010110000000000100000
00000000000000000000000000000000
00110001011010100000000000000010
00010001010000001111111111111011
00000000000000000000000000000000
00100100101001011111111111111100
10101100010001110000000000000000
00010100101001101111111111100110
00000000101001000001000000000110
00001000000000000000000001001001
00000000000000000000000000000000
00011000101000000000000010011101
00111100000001100001000000000000
00100100000000100000000000001010
00010100010000000000000000000010
00000000100000100000000000011010
00000000000001110000000000001101
00000000000001010010100010000000
00100100110001100010010010010000
00100100101011001111111111111100
00000000000011000110000010000010
00000000110001010011100000100001
00100100110000110000000000000100
00110001100011000000000000000111
00000000000000000100100000010000
00100101001010010000000000110000
00000000000000000010000000010010
00010000011001110000000010001010
10101100110010010000000000000000
00010001100000000000000001001101
00100100000010000000000000000001
00010001100010000000000001000001
00100100000010010000000000000010
00010001100010010000000000110110
00100100000010100000000000000011
00010001100010100000000000101011
00100100000010110000000000000100
00010001100010110000000000100000
00100100000011010000000000000101
00010001100011010000000000010101
00100100000011100000000000000110
00010001100011100000000000001010
00000000000000000000000000000000
00010100010000000000000000000010
00000000100000100000000000011010
00000000000001110000000000001101
00000000000000000101100000010000
00100101011010110000000000110000
10101100011010110000000000000000
00000000000000000010000000010010
00100100110000110000000000001000
00000000000000000000000000000000
00010100010000000000000000000010
00000000100000100000000000011010
00000000000001110000000000001101
00000000000000000100000000010000
00100101000010000000000000110000
10101100011010000000000000000000
00000000000000000010000000010010
00100100011000110000000000000100
00000000000000000000000000000000
00010100010000000000000000000010
00000000100000100000000000011010
00000000000001110000000000001101
00000000000000001100100000010000
00100111001110010000000000110000
10101100011110010000000000000000
00000000000000000010000000010010
00100100011000110000000000000100
00000000000000000000000000000000
00010100010000000000000000000010
00000000100000100000000000011010
00000000000001110000000000001101
00000000000000001100000000010000
00100111000110000000000000110000
10101100011110000000000000000000
00000000000000000010000000010010
00100100011000110000000000000100
00000000000000000000000000000000
00010100010000000000000000000010
00000000100000100000000000011010
00000000000001110000000000001101
00000000000000000111100000010000
00100101111011110000000000110000
10101100011011110000000000000000
00000000000000000010000000010010
00100100011000110000000000000100
00000000000000000000000000000000
00010100010000000000000000000010
00000000100000100000000000011010
00000000000001110000000000001101
00000000000000000111000000010000
00100101110011100000000000110000
10101100011011100000000000000000
00000000000000000010000000010010
00100100011000110000000000000100
00000000000000000000000000000000
00010100010000000000000000000010
00000000100000100000000000011010
00000000000001110000000000001101
00000000000000000101000000010000
00100101010010100000000000110000
10101100011010100000000000000000
00100100011000110000000000000100
00000000000000000010000000010010
00010000011001110000000000111100
00000000000000000000000000000000
00010100010000000000000000000010
00000000100000100000000000011010
00000000000001110000000000001101
00000000000000000110000000010010
00000000000000000010000000010000
00100100100001000000000000110000
10101100011001000000000000000000
00010100010000000000000000000010
00000001100000100000000000011010
00000000000001110000000000001101
00000000000000000110000000010010
00000000000000000110100000010000
00100101101011010000000000110000
10101100011011010000000000000100
00010100010000000000000000000010
00000001100000100000000000011010
00000000000001110000000000001101
00000000000000000010000000010010
00000000000000000110000000010000
00100101100011000000000000110000
10101100011011000000000000001000
00010100010000000000000000000010
00000000100000100000000000011010
00000000000001110000000000001101
00000000000000000010000000010010
00000000000000000101100000010000
00100101011010110000000000110000
10101100011010110000000000001100
00010100010000000000000000000010
00000000100000100000000000011010
00000000000001110000000000001101
00000000000000000010000000010010
00000000000000000101000000010000
00100101010010100000000000110000
10101100011010100000000000010000
00010100010000000000000000000010
00000000100000100000000000011010
00000000000001110000000000001101
00000000000000000010000000010010
00000000000000000100100000010000
00100101001010010000000000110000
10101100011010010000000000010100
00010100010000000000000000000010
00000000100000100000000000011010
00000000000001110000000000001101
00000000000000000010000000010010
00000000000000000100000000010000
00100101000010000000000000110000
10101100011010000000000000011000
00010100010000000000000000000010
00000000100000100000000000011010
00000000000001110000000000001101
00000000000000000010000000010000
00100100100001000000000000110000
10101100011001000000000000011100
00100100011000110000000000100000
00000000000000000010000000010010
00010100011001111111111111000110
00000000000000000000000000000000
00000000110001010010100000100001
00000011111000000000000000001000
10101100101000000000000000000000
00100100110001100010010010010000
00001000000000000000000011110010
00000000000001010010100010000000
00000100100000000000000010110000
00111100000000100010000000000000
00011000101000000000000010111000
00111100000010100001000000000000
00000100100000000000000010110100
00000000000000000000000000000000
00100100000000100000000000001010
00010100010000000000000000000010
00000000100000100000000000011010
00000000000001110000000000001101
00000000000001010100000010000000
00111100000001100001000000000000
00100100110001100010010010010000
00100101000010101111111111111100
00000000000010100101000010000010
00000000110010000011100000100001
00100100110000110000000000000100
00000000110000000010100000100001
00110001010010100000000000000111
00000000000000001100100000010000
00100111001110010000000000110000
00000000000000000010000000010010
00010000011001110000000010001010
10101100110110010000000000000000
00010001010000000000000001001101
00100100000010110000000000000001
00010001010010110000000001000001
00100100000011000000000000000010
00010001010011000000000000110110
00100100000011010000000000000011
00010001010011010000000000101011
00100100000011100000000000000100
00010001010011100000000000100000
00100100000011110000000000000101
00010001010011110000000000010101
00100100000110000000000000000110
00010001010110000000000000001010
00000000000000000000000000000000
00010100010000000000000000000010
00000000100000100000000000011010
00000000000001110000000000001101
00000000000000001100000000010000
00100111000110000000000000110000
10101100011110000000000000000000
00000000000000000010000000010010
00100100110000110000000000001000
00000000000000000000000000000000
00010100010000000000000000000010
00000000100000100000000000011010
00000000000001110000000000001101
00000000000000000111100000010000
00100101111011110000000000110000
10101100011011110000000000000000
00000000000000000010000000010010
00100100011000110000000000000100
00000000000000000000000000000000
00010100010000000000000000000010
00000000100000100000000000011010
00000000000001110000000000001101
00000000000000000111000000010000
00100101110011100000000000110000
10101100011011100000000000000000
00000000000000000010000000010010
00100100011000110000000000000100
00000000000000000000000000000000
00010100010000000000000000000010
00000000100000100000000000011010
00000000000001110000000000001101
00000000000000000110100000010000
00100101101011010000000000110000
10101100011011010000000000000000
00000000000000000010000000010010
00100100011000110000000000000100
00000000000000000000000000000000
00010100010000000000000000000010
00000000100000100000000000011010
00000000000001110000000000001101
00000000000000000110000000010000
00100101100011000000000000110000
10101100011011000000000000000000
00000000000000000010000000010010
00100100011000110000000000000100
00000000000000000000000000000000
00010100010000000000000000000010
00000000100000100000000000011010
00000000000001110000000000001101
00000000000000000100100000010000
00100101001010010000000000110000
10101100011010010000000000000000
00000000000000000010000000010010
00100100011000110000000000000100
00000000000000000000000000000000
00010100010000000000000000000010
00000000100000100000000000011010
00000000000001110000000000001101
00000000000000000010000000010000
00100100100001000000000000110000
10101100011001000000000000000000
00100100011000110000000000000100
00000000000000000010000000010010
00010000011001110000000000111100
00000000000000000000000000000000
00010100010000000000000000000010
00000000100000100000000000011010
00000000000001110000000000001101
00000000000000000010000000010010
00000000000000000101100000010000
00100101011010110000000000110000
10101100011010110000000000000000
00010100010000000000000000000010
00000000100000100000000000011010
00000000000001110000000000001101
00000000000000000010000000010010
00000000000000000101000000010000
00100101010010100000000000110000
10101100011010100000000000000100
00010100010000000000000000000010
00000000100000100000000000011010
00000000000001110000000000001101
00000000000000000010000000010010
00000000000000000100100000010000
00100101001010010000000000110000
10101100011010010000000000001000
00010100010000000000000000000010
00000000100000100000000000011010
00000000000001110000000000001101
00000000000000000101000000010010
00000000000000000010000000010000
00100100100001000000000000110000
10101100011001000000000000001100
00010100010000000000000000000010
00000001010000100000000000011010
00000000000001110000000000001101
00000000000000000101000000010010
00000000000000000101100000010000
00100101011010110000000000110000
10101100011010110000000000010000
00010100010000000000000000000010
00000001010000100000000000011010
00000000000001110000000000001101
00000000000000000010000000010010
00000000000000000101000000010000
00100101010010100000000000110000
10101100011010100000000000010100
00010100010000000000000000000010
00000000100000100000000000011010
00000000000001110000000000001101
00000000000000000010000000010010
00000000000000000100100000010000
00100101001010010000000000110000
10101100011010010000000000011000
00010100010000000000000000000010
00000000100000100000000000011010
00000000000001110000000000001101
00000000000000000010000000010000
00100100100001000000000000110000
10101100011001000000000000011100
00100100011000110000000000100000
00000000000000000010000000010010
00010100011001111111111111000110
00000000000000000000000000000000
00000000110010000011000000100001
10101100110000000000000000000000
10001100110001001111111111111100
00111100000000100010000000000000
10001100010010010000000000100000
00000000000000000000000000000000
00110001001010000000000000000010
00010001000000001111111111111011
00000000000000000000000000000000
00100100110001101111111111111100
10101100010001000000000000000000
00010100110001011111111111110110
00000000000000000000000000000000
00000011111000000000000000001000
00000000000000000000000000000000
00111100000000100010000000000000
10001100010001100000000000100000
00000000000000000000000000000000
00110000110000110000000000000010
00010000011000001111111111111011
00100100000001110000000000101101
10101100010001110000000000000000
00001000000000000000000011111010
00000000000000000000000000000000
00001000000000000000000011111110
00000000000001000010000000100011
00000000000001010010000010000000
00100101010000100010010010010000
00000000100000100010100000100001
00000011111000000000000000001000
10101100101000000000000000000000
00000100100000000000000011001100
00000000100000000011000000100001
00010000110000000000000011001101
00000000000000000110000000100001
00000000110000000011100000100001
00000000000000000001000000100001
00100100000000110000000000001010
00010100011000000000000000000010
00000000111000110000000000011010
00000000000001110000000000001101
00000000000000000011100000010010
00010100111000001111111111111011
00100100010000100000000000000001
00100100010011001111111111111111
00000100100000000000000010110101
00100100000000110000000000001010
00010100011000000000000000000010
00000000110000110000000000011010
00000000000001110000000000001101
00100100000001010000000000000001
00111100000001100001000000000000
00100100110001100010010010010000
00100100010010101111111111111111
00000000101000100011100000101010
00110001010010100000000000000111
00100100110001000000000000000100
00000000000000001100100000010000
00100111001110010000000000110000
00000000000000000100000000010010
00010000111000000000000010010010
10101100110110010000000000000000
00010001010000000000000001010100
00000000000000000000000000000000
00010001010001010000000001000111
00100100000011010000000000000010
00010001010011010000000000111011
00100100000011100000000000000011
00010001010011100000000000101111
00100100000011110000000000000100
00010001010011110000000000100011
00100100000110000000000000000101
00010001010110000000000000010111
00100100000110010000000000000110
00010001010110010000000000001011
00000000000000000000000000000000
00010100011000000000000000000010
00000001000000110000000000011010
00000000000001110000000000001101
00100100000001010000000000000010
00000000000000001100000000010000
00100111000110000000000000110000
10101100100110000000000000000000
00000000000000000100000000010010
00100100110001000000000000001000
00000000000000000000000000000000
00010100011000000000000000000010
00000001000000110000000000011010
00000000000001110000000000001101
00100100101001010000000000000001
00000000000000000111100000010000
00100101111011110000000000110000
10101100100011110000000000000000
00000000000000000100000000010010
00100100100001000000000000000100
00000000000000000000000000000000
00010100011000000000000000000010
00000001000000110000000000011010
00000000000001110000000000001101
00100100101001010000000000000001
00000000000000000111000000010000
00100101110011100000000000110000
10101100100011100000000000000000
00000000000000000100000000010010
00100100100001000000000000000100
00000000000000000000000000000000
00010100011000000000000000000010
00000001000000110000000000011010
00000000000001110000000000001101
00100100101001010000000000000001
00000000000000000110100000010000
00100101101011010000000000110000
10101100100011010000000000000000
00000000000000000100000000010010
00100100100001000000000000000100
00000000000000000000000000000000
00010100011000000000000000000010
00000001000000110000000000011010
00000000000001110000000000001101
00100100101001010000000000000001
00000000000000000100100000010000
00100101001010010000000000110000
10101100100010010000000000000000
00000000000000000100000000010010
00100100100001000000000000000100
00000000000000000000000000000000
00010100011000000000000000000010
00000001000000110000000000011010
00000000000001110000000000001101
00100100101001010000000000000001
00000000000000000100000000010000
00100101000010000000000000110000
10101100100010000000000000000000
00000000000000000100000000010010
00100100100001000000000000000100
00000000000000000000000000000000
00010100011000000000000000000010
00000001000000110000000000011010
00000000000001110000000000001101
00100100101001010000000000000001
00000000101000101100100000101010
00000000000000000011100000010000
00100100111001110000000000110000
10101100100001110000000000000000
00000000000000000100000000010010
00010011001000000000000000111101
00100100100001000000000000000100
00010100011000000000000000000010
00000001000000110000000000011010
00000000000001110000000000001101
00100100101001010000000000001000
00000000101000100011100000101010
00000000000000000100000000010010
00000000000000000101100000010000
00100101011010110000000000110000
10101100100010110000000000000000
00010100011000000000000000000010
00000001000000110000000000011010
00000000000001110000000000001101
00000000000000000100000000010010
00000000000000000101000000010000
00100101010010100000000000110000
10101100100010100000000000000100
00010100011000000000000000000010
00000001000000110000000000011010
00000000000001110000000000001101
00000000000000000100000000010010
00000000000000000100100000010000
00100101001010010000000000110000
10101100100010010000000000001000
00010100011000000000000000000010
00000001000000110000000000011010
00000000000001110000000000001101
00000000000000000101000000010010
00000000000000000100000000010000
00100101000010000000000000110000
10101100100010000000000000001100
00010100011000000000000000000010
00000001010000110000000000011010
00000000000001110000000000001101
00000000000000000101000000010010
00000000000000000101100000010000
00100101011010110000000000110000
10101100100010110000000000010000
00010100011000000000000000000010
00000001010000110000000000011010
00000000000001110000000000001101
00000000000000000100000000010010
00000000000000000101000000010000
00100101010010100000000000110000
10101100100010100000000000010100
00010100011000000000000000000010
00000001000000110000000000011010
00000000000001110000000000001101
00000000000000000100000000010010
00000000000000000100100000010000
00100101001010010000000000110000
10101100100010010000000000011000
00010100011000000000000000000010
00000001000000110000000000011010
00000000000001110000000000001101
00000000000000000100000000010000
00100101000010000000000000110000
10101100100010000000000000011100
00000000000000000100000000010010
00010100111000001111111111000101
00100100100001000000000000100000
00000000000000100100000010000000
00000000110010000001100000100001
00000000000011000110000010000000
10101100011000000000000000000000
00000000110011000011000000100001
00000000000000000010100000100001
10001100110001110000000000000000
00111100000000110010000000000000
10001100011010100000000000100000
00000000000000000000000000000000
00110001010010010000000000000010
00010001001000001111111111111011
00000000000000000000000000000000
00100100101001010000000000000001
00000000101000100101100000101010
10101100011001110000000000000000
00010101011000001111111111110101
00100100110001101111111111111100
00000011111000000000000000001000
00000000000000000000000000000000
00111100000000110010000000000000
10001100011001010000000000100000
00000000000000000000000000000000
00110000101001000000000000000010
00010000100000001111111111111100
00100100000001110000000000101101
10101100011001110000000000000000
00001000000000000000000111001000
00100100000000110000000000001010
00000000000001000011000000100011
00010100110000001111111100110101
00000000000000000110000000100001
00001000000000000000000111000110
00100100000000100000000000000001
00100111101111011111111111100000
10101111101111110000000000011100
00001100000000000000000000011000
10101111101001010000000000010000
10001111101001010000000000010000
00001100000000000000000110111000
00000000101000000010000000100001
00111100000001000001000000000000
10001111101111110000000000011100
00100100100001000001110010000000
00001000000000000000000000011000
00100111101111010000000000100000
00100111101111011111111111100000
10101111101111110000000000011100
10101111101001100000000000010100
00001100000000000000000000011000
10101111101001010000000000010000
10001111101001010000000000010000
00001100000000000000000000110111
00000000101000000010000000100001
00111100000000100001000000000000
00001100000000000000000000011000
00100100010001000001110001011100
10001111101001100000000000010100
00001100000000000000000110111000
00000000110000000010000000100001
00111100000001000001000000000000
10001111101111110000000000011100
00100100100001000001110010000000
00001000000000000000000000011000
00100111101111010000000000100000
00100111101111011111111111101000
10101111101111110000000000010100
10101111101100000000000000010000
00001100000000000000000000110111
00000000100000001000000000100001
00111100000000100001000000000000
00001100000000000000000000011000
00100100010001000001110001011100
10001110000001000000000000000000
00001100000000000000000000110111
00000000000000000000000000000000
00111100000001000001000000000000
10001111101111110000000000010100
10001111101100000000000000010000
00100100100001000001110010000000
00001000000000000000000000011000
00100111101111010000000000011000
00011000101000000000000011100111
00100100101010011111111111111111
10010000100001100000000000000000
00110001001010010000000000000011
00010100110000000000000011100111
00000000000000000001000000100001
00100100000000110000000011111111
00000000110000110111000000101011
00010101110000000000000011100001
00000000010000000011100000100001
00100100000001100000000000000001
00010000110001010000000001001111
00000000011000000100000000100001
00010001001000000000000000100011
00000000000000000000000000000000
00010001001001100000000000010110
00100100000011010000000000000010
00010001001011010000000000001011
00000000000000000000000000000000
10010000100001110000000000000001
00000000000000000000000000000000
00000000010001111100000000101011
00010111000000000000000011101110
00000000111000110111100000101011
00000000111000000100000000100001
00010101111000000000000011101001
00000000010000000011100000100001
00000000011000000100000000100001
00100100110001100000000000000001
00000000100001100001000000100001
10010000010000100000000000000000
00000000000000000000000000000000
00000000111000101100100000101011
00010111001000000000000011011101
00000000010010000001100000101011
00010100011000000000000011011001
00000000000000000000000000000000
00100100110001100000000000000001
00000000100001100101100000100001
10010001011010010000000000000000
00000000111000000001000000100001
00000000111010010011100000101011
00010100111000000000000011001101
00000001001010000101000000101011
00010101010000000000000011000110
00000001000000000001100000100001
00100100110001100000000000000001
00010000110001010000000000101011
00000000000000000000000000000000
00000000100001100011100000100001
10010000111001110000000000000000
00000000000000000000000000000000
00000000010001110101000000101011
00010001010000000000000000000010
00000000111000110100000000101011
00000000111000000001000000100001
00010001000000000000000000000010
00000000000000000000000000000000
00000000111000000001100000100001
00100100110001100000000000000001
00000000100001100110000000100001
10010001100001110000000000000000
00000000000000000000000000000000
00000000010001110101100000101011
00010001011000000000000000000010
00000000111000110100100000101011
00000000111000000001000000100001
00010001001000000000000000000010
00000000100001100100000000100001
00000000111000000001100000100001
10010001000001110000000000000001
00000000000000000000000000000000
00000000010001110110000000101011
00010001100000000000000000000010
00000000111000110111000000101011
00000000111000000001000000100001
00010001110000000000000000000010
00000000100001101100000000100001
00000000111000000001100000100001
10010011000001110000000000000010
00000000000000000000000000000000
00000000010001110110100000101011
00010001101000000000000000000010
00000000111000110111100000101011
00000000111000000001000000100001
00010001111000000000000000000010
00000000000000000000000000000000
00000000111000000001100000100001
00100100110001100000000000000011
00010100110001011111111111011000
00000000100001100011100000100001
00000000010000110001000000100011
00110100000001111111111100000000
00010100010000000000000000000010
00000000111000100000000000011010
00000000000001110000000000001101
10010000100010010000000000000000
00100100101010001111111111111111
00000001001000110100100000100011
00100100000001100000000000000001
00110001000010000000000000000111
00100100100000100000000000000001
00000000000000000011100000010010
00110000111001111111111111111111
00000000000000000000000000000000
00000000111010010000000000011000
00000000000000000100100000010010
00000000000010010100101000000011
00010000110001010000000001111011
10100000100010010000000000000000
00010001000000000000000001000110
00000000000000000000000000000000
00010001000001100000000000111011
00100100000011100000000000000010
00010001000011100000000000110001
00100100000011010000000000000011
00010001000011010000000000100111
00100100000110000000000000000100
00010001000110000000000000011101
00100100000011110000000000000101
00010001000011110000000000010011
00100100000110010000000000000110
00010001000110010000000000001001
00000000000000000000000000000000
10010000010011000000000000000000
00100100000001100000000000000010
00000001100000110101000000100011
00000000111010100000000000011000
00000000000000000100100000010010
00000000000010010101101000000011
10100000010010110000000000000000
00100100100000100000000000000010
10010000010011010000000000000000
00100100110001100000000000000001
00000001101000110111000000100011
00000000111011100000000000011000
00000000000000000100000000010010
00000000000010000010001000000011
10100000010001000000000000000000
00100100010000100000000000000001
10010000010010110000000000000000
00100100110001100000000000000001
00000001011000111100100000100011
00000000111110010000000000011000
00000000000000000111100000010010
00000000000011111100001000000011
10100000010110000000000000000000
00100100010000100000000000000001
10010000010001000000000000000000
00100100110001100000000000000001
00000000100000110110000000100011
00000000111011000000000000011000
00000000000000000101000000010010
00000000000010100100101000000011
10100000010010010000000000000000
00100100010000100000000000000001
10010000010110000000000000000000
00100100110001100000000000000001
00000011000000110110100000100011
00000000111011010000000000011000
00000000000000000111000000010010
00000000000011100100001000000011
10100000010010000000000000000000
00100100010000100000000000000001
10010000010010010000000000000000
00100100110001100000000000000001
00000001001000110101100000100011
00000000111010110000000000011000
00000000000000001100100000010010
00000000000110010111101000000011
10100000010011110000000000000000
00100100010000100000000000000001
10010000010010000000000000000000
00100100110001100000000000000001
00000001000000110010000000100011
00000000111001000000000000011000
00000000000000000110000000010010
00000000000011000101001000000011
10100000010010100000000000000000
00010000110001010000000000110100
00100100010000100000000000000001
10010000010010000000000000000000
10010000010011000000000000000001
00000001000000110101000000100011
00000000111010100000000000011000
00000001100000110110100000100011
10010000010010010000000000000010
10010000010010110000000000000011
00000001001000110110000000100011
00000001011000110101100000100011
10010000010110010000000000000100
10010000010011110000000000000101
00000011001000111100100000100011
00000001111000110111100000100011
10010000010001000000000000000110
10010000010110000000000000000111
00000000100000110010000000100011
00000000000000000111000000010010
00000011000000111100000000100011
00000000000011100100001000000011
10100000010010000000000000000000
00000000111011010000000000011000
00100100110001100000000000001000
00000000000000000101000000010010
00000000000010100100101000000011
10100000010010010000000000000001
00000000111011000000000000011000
00000000000000000111000000010010
00000000000011100110001000000011
10100000010011000000000000000010
00000000111010110000000000011000
00000000000000000110100000010010
00000000000011010101101000000011
10100000010010110000000000000011
00000000111110010000000000011000
00000000000000000100000000010010
00000000000010000101001000000011
10100000010010100000000000000100
00000000111011110000000000011000
00000000000000000100100000010010
00000000000010011100101000000011
10100000010110010000000000000101
00000000111001000000000000011000
00000000000000000111100000010010
00000000000011110111001000000011
10100000010011100000000000000110
00000000111110000000000000011000
00000000000000000110100000010010
00000000000011010010001000000011
10100000010001000000000000000111
00010100110001011111111111001110
00100100010000100000000000001000
00000011111000000000000000001000
00000000000000000000000000000000
00001000000000000000001011000100
00000000110000000001100000100001
00100100000000110000000011111111
00000000110000000001000000100001
00000000110000110111000000101011
00010001110000001111111100011010
00000000010000000011100000100001
00001000000000000000001011000100
00000000110000000001100000100001
00100100110001100000000000000001
00010100110001011111111100111100
00000001001000000001100000100001
00001000000000000000001100010110
00000000010000110001000000100011
00000001001000000001000000100001
00010001010000001111111100110100
00000001000000000001100000100001
00001000000000000000001110101110
00100100110001100000000000000001
00001000000000000000001011011111
00000000010000000100000000100001
00010000011000001111111100100101
00000000010000000011100000100001
00001000000000000000001011011111
00000000010000000100000000100001
00001000000000000000001011010101
00000001000000000001100000100001
00000000111000000001000000100001
00000000111000000100000000100001
00010001111000001111111100010011
00000000010000000011100000100001
00001000000000000000001011010101
00000001000000000001100000100001
00011000101000000000000011101010
00100100101001111111111111111111
00110000111001110000000000000111
10010000100010000000000000000000
00000000000000000100100000100001
00000001000010010001100000000001
00100100000001100000000011111111
00110000011000110000000011111111
00000001000001100001000000000101
00100100000001100000000000000001
00010000110001010000000001111011
00110000010000100000000011111111
00010000111000000000000001000101
00000000000000000000000000000000
00010000111001100000000000111010
00100100000010110000000000000010
00010000111010110000000000110000
00100100000011000000000000000011
00010000111011000000000000100110
00100100000011010000000000000100
00010000111011010000000000011100
00100100000011100000000000000101
00010000111011100000000000010010
00100100000110000000000000000110
00010000111110000000000000001001
00000000100001100100100000100001
10010000100001100000000000000001
00000000000000000000000000000000
00000000110000110001100000000001
00110000011000110000000011111111
00000000110000100001000000000101
00100100000001100000000000000010
00110000010000100000000011111111
00000000100001100100100000100001
10010001001110010000000000000000
00000000000000000000000000000000
00000011001000110100000000000001
00110001000000110000000011111111
00000011001000100011100000000101
00110000111000100000000011111111
00100100110001100000000000000001
00000000100001100110000000100001
10010001100011110000000000000000
00000000000000000000000000000000
00000001111000110101100000000001
00110001011000110000000011111111
00000001111000100101000000000101
00110001010000100000000011111111
00100100110001100000000000000001
00000000100001100011100000100001
10010000111011100000000000000000
00000000000000000000000000000000
00000001110000111100000000000001
00110011000000110000000011111111
00000001110000100110100000000101
00110001101000100000000011111111
00100100110001100000000000000001
00000000100001100100000000100001
10010001000110010000000000000000
00000000000000000000000000000000
00000011001000110001100000000001
00110000011000110000000011111111
00000011001000100001000000000101
00110000010000100000000011111111
00100100110001100000000000000001
00000000100001100101100000100001
10010001011010100000000000000000
00000000000000000000000000000000
00000001010000110111100000000001
00110001111000110000000011111111
00000001010000100100100000000101
00110001001000100000000011111111
00100100110001100000000000000001
00000000100001101100000000100001
10010011000011010000000000000000
00000000000000000000000000000000
00000001101000110111000000000001
00110001110000110000000011111111
00000001101000100110000000000101
00100100110001100000000000000001
00010000110001010000000000110101
00110001100000100000000011111111
00000000100001100011100000100001
10010000111011110000000000000000
00000000000000000000000000000000
00000001111000110101100000000001
00110001011010100000000011111111
00000001111000100001100000000101
00000000100001100111100000100001
00110000011000100000000011111111
10010001111010000000000000000001
00000000000000000000000000000000
00000001000010100100100000000001
00110001001110000000000011111111
00000001000000101100100000000101
00110011001011010000000011111111
10010001111011000000000000000010
00000000000000000000000000000000
00000001100110000111000000000001
00110001110010110000000011111111
00000001100011010011100000000101
00110000111010100000000011111111
10010001111010010000000000000011
00000000000000000000000000000000
00000001001010110001100000000001
00110000011010000000000011111111
00000001001010100001000000000101
00110000010110000000000011111111
10010001111011100000000000000100
00000000000000000000000000000000
00000001110010001100100000000001
00110011001011000000000011111111
00000001110110000110100000000101
00110001101001110000000011111111
10010001111010100000000000000101
00000000000000000000000000000000
00000001010011000101100000000001
00110001011000110000000011111111
00000001010001110100100000000101
00110001001000100000000011111111
10010001111110010000000000000110
00000000000000000000000000000000
00000011001000110100000000000001
00110001000011100000000011111111
00000011001000101100000000000101
00110011000010110000000011111111
10010001111011000000000000000111
00000000000000000000000000000000
00000001100011100110100000000001
00110001101000110000000011111111
00000001100010110101000000000101
00100100110001100000000000001000
00010100110001011111111111001101
00110001010000100000000011111111
00000000011000100001100000100011
00110100000001101111111100000000
00010100011000000000000000000010
00000000110000110000000000011010
00000000000001110000000000001101
00100100101001111111111111111111
10010000100010000000000000000000
00110000111001110000000000000111
00000000000000000011000000010010
00000000000001100001110000000000
00000000011000100001000000100101
00000001000000100001100000001010
00100100000001100000000000000001
10100000100000110000000000000000
00010000110001010000000001010110
00100100100000110000000000000001
00010000111000000000000000111000
00000000000000000000000000000000
00010000111001100000000000101111
00100100000110000000000000000010
00010000111110000000000000100111
00100100000110010000000000000011
00010000111110010000000000011111
00100100000010000000000000000100
00010000111010000000000000010111
00100100000010010000000000000101
00010000111010010000000000001111
00100100000010100000000000000110
00010000111010100000000000000111
00000000000000000000000000000000
10010000011001100000000000000000
00000000000000000000000000000000
00000000110000100111100000001010
00100100000001100000000000000010
10100000011011110000000000000000
00100100100000110000000000000010
10010000011001110000000000000000
00000000000000000000000000000000
00000000111000100101100000001010
10100000011010110000000000000000
00100100110001100000000000000001
00100100011000110000000000000001
10010000011011000000000000000000
00000000000000000000000000000000
00000001100000100010000000001010
10100000011001000000000000000000
00100100110001100000000000000001
00100100011000110000000000000001
10010000011011100000000000000000
00000000000000000000000000000000
00000001110000100110100000001010
10100000011011010000000000000000
00100100110001100000000000000001
00100100011000110000000000000001
10010000011110010000000000000000
00000000000000000000000000000000
00000011001000101100000000001010
10100000011110000000000000000000
00100100110001100000000000000001
00100100011000110000000000000001
10010000011010010000000000000000
00000000000000000000000000000000
00000001001000100100000000001010
10100000011010000000000000000000
00100100110001100000000000000001
00100100011000110000000000000001
10010000011011110000000000000000
00000000000000000000000000000000
00000001111000100101000000001010
00100100110001100000000000000001
10100000011010100000000000000000
00010000110001010000000000011101
00100100011000110000000000000001
10010000011011100000000000000000
00000000000000000000000000000000
00000001110000100110100000001010
10010000011011000000000000000001
10100000011011010000000000000000
00000001100000100010000000001010
10010000011001110000000000000010
10100000011001000000000000000001
00000000111000100101100000001010
10010000011011110000000000000011
10100000011010110000000000000010
00000001111000100101000000001010
10010000011010010000000000000100
10100000011010100000000000000011
00000001001000100100000000001010
10010000011110010000000000000101
10100000011010000000000000000100
00000011001000101100000000001010
10010000011011100000000000000110
10100000011110000000000000000101
00000001110000100110100000001010
10010000011011000000000000000111
10100000011011010000000000000110
00000001100000100010000000001010
00100100110001100000000000001000
10100000011001000000000000000111
00010100110001011111111111100101
00100100011000110000000000001000
00000011111000000000000000001000
00000000000000000000000000000000
00011000101000000000000011000101
00110100000010001111111100000000
00100100101000101111111111111111
00000000000000100101100010000010
00000000000010110011100010000000
00100100100000100000000000000100
00000000010001110011100000100001
00000000111001000101000000100011
00100101010010011111111111111100
00000000000010010011000010000010
00110000110001100000000000000111
10001100100000110000000000000000
00000000000000000000000000000000
00010000010001110000000001001000
00000000011010000001100000011110
00010000110000000000000000101011
00100100000110000000000000000001
00010000110110000000000000100011
00100100000110010000000000000010
00010000110110010000000000011101
00100100000010000000000000000011
00010000110010000000000000010111
00100100000010010000000000000100
00010000110010010000000000010001
00100100000010100000000000000101
00010000110010100000000000001011
00100100000010110000000000000110
00010000110010110000000000000101
00000000000000000000000000000000
10001100010000100000000000000000
00000000000000000000000000000000
00000000010000110001100000011110
00100100100000100000000000001000
10001100010001100000000000000000
00000000000000000000000000000000
00000000110000110001100000011110
00100100010000100000000000000100
10001100010011000000000000000000
00000000000000000000000000000000
00000001100000110001100000011110
00100100010000100000000000000100
10001100010011010000000000000000
00000000000000000000000000000000
00000001101000110001100000011110
00100100010000100000000000000100
10001100010011100000000000000000
00000000000000000000000000000000
00000001110000110001100000011110
00100100010000100000000000000100
10001100010011110000000000000000
00000000000000000000000000000000
00000001111000110001100000011110
00100100010000100000000000000100
10001100010110000000000000000000
00000000000000000000000000000000
00000011000000110001100000011110
00100100010000100000000000000100
00010000010001110000000000011100
00000000000000000000000000000000
10001100010011100000000000000000
00000000000000000000000000000000
00000001110000110110000000011110
10001100010011010000000000000100
00000000000000000000000000000000
00000001101011000101000000011110
10001100010010110000000000001000
00000000000000000000000000000000
00000001011010100100100000011110
10001100010001100000000000001100
00000000000000000000000000000000
00000000110010010001100000011110
10001100010010000000000000010000
00000000000000000000000000000000
00000001000000111100000000011110
10001100010110010000000000010100
00000000000000000000000000000000
00000011001110000111000000011110
10001100010011110000000000011000
00000000000000000000000000000000
00000001111011100110000000011110
10001100010011010000000000011100
00000000000000000000000000000000
00000001101011000001100000011110
00100100010000100000000000100000
00010100010001111111111111100110
00000000000000000000000000000000
00000000000000110001001000000010
00110000010000100000000011111111
00110000011000110000000011111111
00000000011000100001100000100011
00110100000001101111111100000000
00010100011000000000000000000010
00000000110000110000000000011010
00000000000001110000000000001101
00000000000000000011000000010010
00000000000001100001110000000000
00000000011000100001000000100101
00000100101000000000000001100010
00000000000000000000000000000000
00000000000001010010100010000011
00011000101000000000000001011101
00100100101110011111111111111111
10001100100110000000000000000000
00110011001001110000000000000111
00000011000000100111100000011111
00100100000001100000000000000001
10101100100011110000000000000000
00010000110001010000000001010110
00100100100000110000000000000100
00010000111000000000000000111000
00000000000000000000000000000000
00010000111001100000000000101111
00100100000010110000000000000010
00010000111010110000000000100111
00100100000011000000000000000011
00010000111011000000000000011111
00100100000011010000000000000100
00010000111011010000000000010111
00100100000011100000000000000101
00010000111011100000000000001111
00100100000011110000000000000110
00010000111011110000000000000111
00000000000000000000000000000000
10001100011001100000000000000000
00000000000000000000000000000000
00000000110000100011100000011111
00100100000001100000000000000010
10101100011001110000000000000000
00100100100000110000000000001000
10001100011110010000000000000000
00000000000000000000000000000000
00000011001000101100000000011111
10101100011110000000000000000000
00100100110001100000000000000001
00100100011000110000000000000100
10001100011010000000000000000000
00000000000000000000000000000000
00000001000000100010000000011111
10101100011001000000000000000000
00100100110001100000000000000001
00100100011000110000000000000100
10001100011010100000000000000000
00000000000000000000000000000000
00000001010000100100100000011111
10101100011010010000000000000000
00100100110001100000000000000001
00100100011000110000000000000100
10001100011011000000000000000000
00000000000000000000000000000000
00000001100000100101100000011111
10101100011010110000000000000000
00100100110001100000000000000001
00100100011000110000000000000100
10001100011011100000000000000000
00000000000000000000000000000000
00000001110000100110100000011111
10101100011011010000000000000000
00100100110001100000000000000001
00100100011000110000000000000100
10001100011001110000000000000000
00000000000000000000000000000000
00000000111000100111100000011111
00100100110001100000000000000001
10101100011011110000000000000000
00010000110001010000000000011101
00100100011000110000000000000100
10001100011010100000000000000000
00000000000000000000000000000000
00000001010000100100100000011111
10001100011010000000000000000100
10101100011010010000000000000000
00000001000000100010000000011111
10001100011110010000000000001000
10101100011001000000000000000100
00000011001000101100000000011111
10001100011011110000000000001100
10101100011110000000000000001000
00000001111000100011100000011111
10001100011011100000000000010000
10101100011001110000000000001100
00000001110000100110100000011111
10001100011011000000000000010100
10101100011011010000000000010000
00000001100000100101100000011111
10001100011010100000000000011000
10101100011010110000000000010100
00000001010000100100100000011111
10001100011010000000000000011100
10101100011010010000000000011000
00000001000000100010000000011111
00100100110001100000000000001000
10101100011001000000000000011100
00010100110001011111111111100101
00100100011000110000000000100000
00000011111000000000000000001000
00000000000000000000000000000000
00001000000000000000010100010101
00100100101001010000000000000011
00111100000001111111111100000000
00001000000000000000010100010011
00100100111000100000000011111111
00111100000000100100000000000000
10101100010000000000000000000000
00011000101000000000000011001110
00000000000000000000000000000000
00100100101000101111111111111111
00000000000000100001100010000010
00000000000000110010100010000000
00100100100000100000000000000100
00000000010001010010100000100001
00000000101001000011100000100011
00100100111001101111111111111100
00111100000000110100000000000000
10001100100010010000000000000000
00000000000001100100000010000010
00100100011001100000000000000100
00110001000010000000000000000111
00111100000001110100000000000000
10101100110010010000000000000000
00010000010001010000000001000111
00000000000000000000000000000000
00010001000000000000000000101011
00100100000011000000000000000001
00010001000011000000000000100010
00100100000011010000000000000010
00010001000011010000000000011100
00100100000011100000000000000011
00010001000011100000000000010110
00100100000011110000000000000100
00010001000011110000000000010000
00100100000110000000000000000101
00010001000110000000000000001010
00100100000110010000000000000110
00010001000110010000000000000100
00000000000000000000000000000000
10001100010010010000000000000000
00100100100000100000000000001000
10101100110010010000000000000000
10001100010010100000000000000000
00100100011010000000000000000100
10101101000010100000000000000000
00100100010000100000000000000100
10001100010001110000000000000000
00100100011001100000000000000100
10101100110001110000000000000000
00100100010000100000000000000100
10001100010011000000000000000000
00100100011010110000000000000100
10101101011011000000000000000000
00100100010000100000000000000100
10001100010011100000000000000000
00100100011011010000000000000100
10101101101011100000000000000000
00100100010000100000000000000100
10001100010110000000000000000000
00100100011011110000000000000100
10101101111110000000000000000000
00100100010000100000000000000100
10001100010110010000000000000000
00111100000001110100000000000000
00100100111001100000000000000100
00100100010000100000000000000100
10101100110110010000000000000000
00010000010001010000000000011011
00000000000000000000000000000000
10001100010110010000000000000000
00111100000001110100000000000000
10101100011110010000000000000100
10001100010110000000000000000100
00100100011001100000000000000100
10101100011110000000000000000100
10001100010011110000000000001000
00000000000000000000000000000000
10101100011011110000000000000100
10001100010011100000000000001100
00000000000000000000000000000000
10101100011011100000000000000100
10001100010011010000000000010000
00000000000000000000000000000000
10101100011011010000000000000100
10001100010011000000000000010100
00000000000000000000000000000000
10101100011011000000000000000100
10001100010010110000000000011000
00000000000000000000000000000000
10101100011010110000000000000100
10001100010010100000000000011100
00100100010000100000000000100000
10101100011010100000000000000100
00010100010001011111111111100111
00000000000000000000000000000000
10001100110000110000000000000000
10101100111000000000000000110000
10101100111000110000000000110100
10001100100010100000000000000000
00111100000000110100000000000000
00100100011001110000000000110100
10101100111010100000000000000000
00000000101001000001000000100011
00100100010001101111111111111100
10001100111010010000000000000000
00000000000001100100000010000010
00100100100000100000000000000100
00110001000001100000000000000111
00010000010001010000000001100111
10101100100010010000000000000000
00010000110000000000000001000000
00100100000011000000000000000001
00010000110011000000000000110101
00100100000011010000000000000010
00010000110011010000000000101100
00100100000011100000000000000011
00010000110011100000000000100011
00100100000011110000000000000100
00010000110011110000000000011010
00100100000110000000000000000101
00010000110110000000000000010001
00100100000110010000000000000110
00010000110110010000000000001000
00000000000000000000000000000000
10001100010010000000000000000000
00000000000000000000000000000000
10101100111010000000000000000000
10001100111010010000000000000000
00000000000000000000000000000000
10101100010010010000000000000000
00100100100000100000000000001000
10001100010001100000000000000000
00100100011001000000000000110100
10101100100001100000000000000000
10001100100010100000000000000000
00000000000000000000000000000000
10101100010010100000000000000000
00100100010000100000000000000100
10001100010011000000000000000000
00100100011010110000000000110100
10101101011011000000000000000000
10001101011001110000000000000000
00000000000000000000000000000000
10101100010001110000000000000000
00100100010000100000000000000100
10001100010011110000000000000000
00100100011011100000000000110100
10101101110011110000000000000000
10001101110011010000000000000000
00000000000000000000000000000000
10101100010011010000000000000000
00100100010000100000000000000100
10001100010010010000000000000000
00100100011110010000000000110100
10101111001010010000000000000000
10001111001110000000000000000000
00000000000000000000000000000000
10101100010110000000000000000000
00100100010000100000000000000100
10001100010001000000000000000000
00100100011010100000000000110100
10101101010001000000000000000000
10001101010010000000000000000000
00000000000000000000000000000000
10101100010010000000000000000000
00100100010000100000000000000100
10001100010010110000000000000000
00100100011001110000000000110100
10101100111010110000000000000000
10001100111001100000000000000000
00000000000000000000000000000000
10101100010001100000000000000000
00100100010000100000000000000100
00010000010001010000000000101101
00000000000000000000000000000000
10001100010010110000000000000000
00000000000000000000000000000000
10101100011010110000000000110100
10001100011001110000000000110100
10001100010001000000000000000100
10101100010001110000000000000000
10101100011001000000000000110100
10001100011001100000000000110100
10001100010010100000000000001000
10101100010001100000000000000100
10101100011010100000000000110100
10001100011010000000000000110100
10001100010010010000000000001100
10101100010010000000000000001000
10101100011010010000000000110100
10001100011110010000000000110100
10001100010110000000000000010000
10101100010110010000000000001100
10101100011110000000000000110100
10001100011011110000000000110100
10001100010011100000000000010100
10101100010011110000000000010000
10101100011011100000000000110100
10001100011011010000000000110100
10001100010011000000000000011000
10101100010011010000000000010100
10101100011011000000000000110100
10001100011010110000000000110100
10001100010001110000000000011100
10101100010010110000000000011000
10101100011001110000000000110100
10001100011001000000000000110100
00000000000000000000000000000000
10101100010001000000000000011100
00100100010000100000000000100000
00010100010001011111111111011100
00000000000000000000000000000000
00000011111000000000000000001000
00000000000000000000000000000000
10001100010001010000000000000100
10101100010000000000000000110000
10101100010001010000000000110100
00000011111000000000000000001000
00000000000000000000000000000000
00000011111000000000000000001000
00000000000000000000000000000000
00111100000000100010000000000000
10001100010001010000000000100000
00000000000000000000000000000000
00110000101000110000000000000010
00010000011000001111111111111011
00000000000000000000000000000000
10101100010001000000000000000000
00000011111000000000000000001000
00000000000000000001000000100001
00111100000000100010000000000000
10001100010001000000000000100000
00000000000000000000000000000000
00110000100000110000000000000001
00010000011000001111111111111011
00000000000000000000000000000000
10001100010000100000000000000000
00000011111000000000000000001000
00110000010000100000000011111111
00111100000000100100000000000000
00100100000001000000000000000001
00100100000000110000000000000010
00100111101111011111111111101000
10101111101111110000000000010100
00000000000000000111000000100001
10101100010000110000010000000000
00100100000011010000000001100000
10101100010001000000010010110000
00111100000000110100000000000000
10101100010001000000001000000100
00100100000011110000000000111111
10101100010001000000000011000000
00000000000011100010001000000000
00000000000000000001000000100001
00100100010010000000000000000001
00100100010001110000000000000010
00100100010001100000000000000011
00100100010001010000000000000100
00100100010111110000000000000101
00100100010110010000000000000110
00100100010110000000000000000111
00000000010001000110000000100101
00000001000001000101100000100101
00000000111001000101000000100101
00000000110001000100100000100101
00000000101001000100000000100101
00000011111001000011100000100101
00000011001001000011000000100101
00000011000001000010100000100101
00100100010000100000000000001000
10101100011011000000010010111000
10101100011010110000010010111000
10101100011010100000010010111000
10101100011010010000010010111000
10101100011010000000010010111000
10101100011001110000010010111000
10101100011001100000010010111000
10101100011001010000010010111000
00010100010011011111111111101000
00100100010010000000000000000001
00100101110011100000000000000001
00010101110011111111111111100011
00000000000011100010001000000000
00111100000011100001000000000000
00001100000000000000000000011000
00100101110001000001110001100000
00111100000011010001000000000000
00000000000000000011100000100001
00100101101010100010010011010000
00111100000000110010000000000000
00100100000001100000000000000011
00100100000010000000000001100000
00100100000010110000000000111111
00000000000001110010100111000000
00000000000001110111000101000000
00000000101011100010000000100011
00000001010001000010100000100001
00000000000000000010000000100001
10001100011000100000000000100000
00000000000000000000000000000000
00110000010011110000000000000001
00010001111000001111111111111100
00000000000000000000000000000000
10001100011010010000000000000000
00000000000000000000000000000000
00110001001011100000000011111111
00111100000000100010000000000000
10001100010110000000000000100000
00000000000000000000000000000000
00110011000011000000000000000001
00010001100000001111111111111100
00000000000000000000000000000000
10001100010110010000000000000000
00000000000000000000000000000000
00110011001010010000000011111111
00111100000000100010000000000000
10001100010011010000000000100000
00000000000000000000000000000000
00110001101111110000000000000001
00010011111000001111111111111100
00000000000000000000000000000000
10001100010011010000000000000000
00000001001011100100100000100001
00110001101011010000000011111111
00000001001011010100100000100001
00010100110000000000000000000010
00000001001001100000000000011010
00000000000001110000000000001101
00111100000011010100000000000000
00000000000000000110000000010010
00000000000011000100100011000011
00000000000011000111000010000011
00000000000010010111101011000000
00000000000011100111000101000000
00000001111011100111000000100101
00000001110010010100100000100101
00000000000010010100101000000000
00000001001001110100100000100101
00000000000010010100101000000000
00000001001001000100100000100101
00100100100001000000000000000001
10100000101011000000000000000000
10101101101010010000010010111000
00010100100010001111111111010010
00100100101001010000000000000001
00100100111001110000000000000001
00010100111010111111111111001011
00000000000001110010100111000000
10001100010001100000000001100000
00100101010001010001011110100000
00000001010000000001000000100001
10101101101000000000000000000000
00000001010000000010000000100001
10001100100010110000000000000000
00111100000000110100000000000000
00100100100001000000000000000100
00100100011001110000000000000100
10101100011010110000000000000100
00010100100001011111111111111010
00000000000000000000000000000000
10001100111001110000000000000000
10101100011000000000000000110000
10101100011001110000000000110100
10001100010011110000000000000000
00111100000000110100000000000000
10101100011011110000000000110100
10001100011010000000000000110100
00000000000000000000000000000000
10101100010010000000000000000000
00100100010000100000000000000100
00010100101000101111111111111000
00111100000011000010000000000000
10001101100010010000000001100000
00000000000000000011100000100001
00000001001001100001000000100011
00100100000001100000000000000001
10101100011000100000001000000000
00111100000010010100000000000000
10101100011001100000010010110000
00100100000010000000000001100000
00100100000010110000000000111111
00000000000001110010100111000000
00000000000001111111100101000000
00000000101111110010000000100011
00000001010001000010100000100001
00000000000000000010000000100001
10010000101000110000000000000000
00000000000000000000000000000000
00000000000000110111000011000011
00000000000000110110000010000011
00000000000011100011001011000000
00000000000011000001000101000000
00000000110000100111100000100101
00000001111011100110100000100101
00000000000011011111101000000000
00000011111001111100100000100101
00000000000110011100001000000000
00000011000001000001100000100101
10101101001000110000010010111000
10010000101001100000000000000000
00111100000000100010000000000000
10001100010110010000000000100000
00000000000000000000000000000000
00110011001110000000000000000010
00010011000000001111111111111100
00000000000000000000000000000000
00100100100001000000000000000001
10101100010001100000000000000000
00010100100010001111111111101001
00100100101001010000000000000001
00100100111001110000000000000001
00010100111010111111111111100001
00000000000000000001000000100001
10001111101111110000000000010100
00000000000000000000000000000000
00000011111000000000000000001000
00100111101111010000000000011000
00100000001111010010000000000000
01010000011011000110010101100001
01110011011001010010110000100000
01110011011001010110111001100100
00100000011010010110110101100001
01100111011001010010000001100110
01110010011011110110110100100000
01001101011000010111010001101100
01100001011000100010000000100001
00001010000000000000000000000000
00000000000000000000000000000000
